799
823
823
816
796
813
791
784
799
812
791
796
796
807
831
800
791
775
812
819
801
825
814
814
826
782
803
820
827
792
800
827
802
830
800
821
812
813
800
793
781
838
774
824
834
832
811
829
780
802
814
809
826
785
839
822
822
797
808
785
823
801
832
820
828
820
797
811
814
785
805
796
816
827
822
778
819
798
789
814
795
827
830
801
772
825
815
798
824
829
780
797
797
796
817
801
803
823
827
822
806
831
799
809
829
822
840
774
837
799
785
803
829
830
825
789
829
838
774
818
793
817
833
769
815
802
785
784
809
807
825
821
836
781
813
809
799
822
784
782
826
831
778
800
819
783
818
811
795
837
825
797
799
798
820
815
848
832
833
819
810
793
820
784
804
776
812
841
802
815
773
820
832
812
797
789
831
801
799
826
833
794
798
816
806
822
786
802
830
798
826
815
847
786
820
827
824
775
801
782
819
803
801
798
786
816
785
817
847
808
817
812
814
820
844
799
811
811
783
815
839
816
806
807
829
780
787
814
811
812
815
828
824
779
816
833
813
813
788
825
809
823
789
823
767
815

